2 (20) [80, 45, 12, 31, 9, 3, 5, 75, 36, 48, 71, 25, 19, 14, 37, 7, 49, 42, 62, 32]
3 (20) [53, 11, 23, 40, 58, 48, 9, 63, 4, 79, 49, 77, 34, 60, 38, 16, 35, 61, 56, 46]
4 (20) [12, 52, 15, 35, 68, 62, 40, 67, 34, 55, 16, 19, 49, 27, 17, 21, 33, 8, 76, 18]
5 (20) [35, 4, 73, 13, 33, 40, 44, 22, 69, 3, 79, 24, 71, 41, 52, 70, 16, 49, 32, 12]
6 (20) [24, 12, 53, 14, 67, 52, 37, 20, 71, 60, 1, 29, 58, 9, 19, 5, 80, 46, 3, 47]
7 (20) [40, 16, 51, 62, 54, 33, 28, 19, 69, 46, 18, 50, 27, 41, 9, 38, 79, 11, 34, 14]
8 (20) [19, 10, 73, 25, 62, 64, 39, 41, 30, 3, 2, 1, 21, 44, 55, 38, 59, 20, 28, 9]
9 (20) [44, 49, 78, 25, 71, 18, 28, 59, 55, 51, 62, 12, 37, 75, 68, 31, 76, 47, 60, 6]
10 (20) [14, 68, 43, 73, 19, 17, 76, 39, 9, 51, 46, 24, 62, 72, 8, 54, 77, 21, 27, 47]
11 (20) [50, 54, 52, 2, 25, 31, 34, 72, 67, 66, 26, 55, 41, 9, 73, 11, 30, 43, 65, 10]
12 (20) [75, 1, 73, 8, 17, 50, 21, 72, 77, 25, 58, 65, 9, 22, 52, 59, 49, 63, 53, 71]
13 (20) [31, 70, 41, 35, 13, 2, 5, 36, 32, 52, 54, 57, 15, 48, 28, 75, 40, 68, 1, 29]
14 (20) [78, 54, 24, 80, 30, 73, 62, 46, 3, 9, 22, 25, 53, 56, 39, 33, 68, 8, 42, 4]
15 (20) [27, 36, 51, 64, 53, 16, 24, 5, 67, 77, 74, 29, 79, 58, 47, 42, 66, 15, 14, 73]
16 (20) [74, 51, 12, 53, 22, 71, 47, 40, 30, 72, 56, 32, 57, 23, 42, 48, 5, 3, 78, 31]
17 (20) [78, 26, 46, 54, 11, 58, 43, 70, 49, 53, 24, 66, 71, 30, 17, 50, 65, 42, 1, 29]
18 (20) [1, 62, 60, 4, 12, 25, 56, 20, 26, 73, 6, 55, 34, 22, 54, 57, 36, 64, 80, 44]
19 (20) [30, 79, 50, 5, 26, 68, 51, 4, 66, 72, 37, 74, 60, 57, 76, 10, 55, 62, 69, 24]
20 (20) [39, 20, 58, 42, 12, 57, 15, 67, 13, 24, 73, 4, 37, 5, 38, 77, 1, 72, 62, 54]
21 (20) [25, 72, 31, 69, 46, 14, 6, 47, 41, 22, 61, 7, 33, 17, 27, 32, 57, 50, 67, 10]
22 (20) [77, 14, 15, 64, 12, 55, 45, 35, 53, 28, 75, 23, 40, 68, 57, 41, 51, 43, 8, 67]
23 (20) [77, 26, 27, 12, 3, 24, 74, 15, 69, 40, 51, 19, 72, 11, 44, 64, 5, 22, 43, 36]
24 (20) [24, 50, 44, 15, 67, 68, 39, 59, 55, 57, 79, 28, 72, 64, 49, 66, 13, 61, 48, 11]
25 (20) [57, 5, 58, 64, 14, 52, 20, 79, 44, 2, 67, 31, 18, 70, 49, 17, 69, 75, 10, 9]
26 (20) [14, 11, 17, 27, 41, 43, 46, 69, 21, 5, 34, 36, 65, 28, 29, 10, 30, 45, 79, 22]
27 (20) [35, 19, 44, 62, 49, 68, 70, 31, 4, 50, 27, 55, 20, 66, 74, 11, 37, 46, 5, 75]
28 (20) [6, 14, 61, 21, 50, 29, 51, 8, 77, 52, 15, 42, 2, 79, 28, 38, 58, 30, 67, 75]
29 (20) [1, 79, 43, 59, 23, 47, 9, 34, 18, 54, 16, 48, 4, 66, 42, 78, 71, 20, 11, 37]
30 (20) [51, 4, 28, 42, 3, 50, 73, 75, 52, 22, 12, 72, 60, 34, 61, 10, 59, 69, 25, 79]
31 (20) [23, 50, 76, 59, 37, 5, 72, 2, 25, 40, 15, 53, 45, 13, 47, 60, 39, 75, 41, 34]
32 (20) [6, 14, 60, 5, 32, 70, 65, 15, 55, 17, 62, 75, 59, 61, 63, 54, 21, 24, 16, 13]
33 (20) [61, 2, 64, 57, 62, 6, 37, 76, 77, 5, 11, 30, 15, 68, 74, 69, 43, 63, 47, 24]
34 (20) [48, 27, 65, 25, 69, 32, 62, 74, 3, 80, 22, 63, 6, 59, 52, 68, 50, 33, 51, 5]
35 (20) [4, 41, 80, 40, 47, 65, 54, 11, 66, 28, 63, 58, 37, 45, 56, 55, 67, 43, 3, 75]
36 (20) [36, 7, 75, 31, 35, 17, 1, 29, 59, 47, 64, 54, 67, 66, 38, 50, 68, 48, 55, 42]
37 (20) [1, 51, 16, 2, 5, 36, 54, 56, 62, 78, 80, 21, 42, 13, 7, 32, 77, 29, 61, 10]
38 (20) [70, 46, 1, 19, 3, 59, 80, 27, 35, 5, 38, 23, 47, 43, 22, 9, 17, 50, 48, 75]
39 (20) [65, 61, 73, 7, 20, 18, 50, 26, 62, 55, 12, 25, 60, 76, 42, 77, 52, 1, 23, 15]
40 (20) [51, 70, 39, 33, 5, 9, 10, 46, 1, 38, 63, 18, 76, 17, 15, 59, 19, 79, 34, 48]
41 (20) [12, 24, 9, 62, 43, 64, 4, 59, 15, 49, 31, 60, 73, 67, 28, 44, 14, 56, 8, 66]
42 (20) [1, 77, 60, 13, 70, 58, 73, 74, 31, 44, 80, 28, 47, 71, 67, 43, 34, 16, 46, 57]
43 (20) [66, 41, 36, 79, 40, 74, 19, 71, 58, 33, 20, 17, 28, 16, 25, 80, 5, 39, 50, 27]
44 (20) [71, 35, 62, 3, 73, 5, 34, 48, 32, 75, 30, 24, 8, 47, 55, 76, 51, 64, 61, 7]
45 (20) [80, 51, 7, 73, 35, 71, 29, 36, 13, 20, 76, 46, 23, 4, 31, 39, 55, 65, 15, 11]
46 (20) [9, 45, 62, 32, 5, 55, 2, 73, 56, 52, 15, 53, 35, 71, 19, 37, 58, 59, 10, 36]
47 (20) [65, 74, 73, 38, 43, 64, 47, 69, 15, 36, 2, 35, 29, 13, 23, 26, 67, 78, 18, 21]
48 (20) [64, 61, 72, 77, 51, 50, 2, 29, 43, 24, 75, 52, 49, 69, 62, 9, 6, 60, 33, 3]
49 (20) [47, 66, 19, 53, 57, 72, 5, 4, 70, 58, 78, 46, 42, 60, 12, 51, 9, 14, 59, 21]
50 (20) [77, 40, 39, 66, 78, 23, 4, 43, 74, 15, 6, 42, 1, 54, 64, 31, 38, 68, 53, 52]
51 (20) [33, 46, 1, 25, 6, 35, 2, 29, 28, 78, 15, 56, 27, 5, 40, 19, 49, 39, 47, 76]
52 (20) [48, 43, 9, 2, 74, 46, 50, 15, 64, 47, 49, 62, 19, 37, 71, 79, 78, 16, 29, 68]
53 (20) [60, 76, 44, 13, 56, 29, 47, 19, 32, 34, 6, 80, 57, 12, 49, 55, 51, 17, 38, 22]
54 (20) [70, 61, 31, 69, 58, 46, 8, 64, 66, 55, 2, 67, 47, 35, 75, 79, 37, 15, 6, 56]
55 (20) [71, 34, 79, 77, 64, 50, 63, 32, 76, 54, 73, 51, 25, 24, 70, 29, 13, 67, 16, 74]
56 (20) [52, 59, 33, 16, 63, 37, 7, 56, 70, 22, 42, 73, 77, 9, 24, 68, 79, 46, 40, 29]
57 (20) [44, 16, 70, 34, 3, 25, 29, 62, 21, 68, 45, 71, 7, 76, 12, 73, 9, 51, 78, 26]
58 (20) [20, 70, 75, 22, 64, 35, 76, 48, 31, 40, 56, 42, 52, 36, 74, 55, 13, 69, 57, 9]
59 (20) [34, 28, 11, 3, 9, 14, 73, 15, 76, 27, 58, 40, 26, 55, 30, 33, 67, 75, 79, 59]
60 (20) [69, 68, 31, 73, 2, 37, 77, 6, 4, 39, 32, 20, 12, 33, 48, 41, 24, 50, 67, 58]
61 (20) [78, 4, 34, 7, 41, 60, 73, 46, 21, 70, 59, 69, 45, 65, 16, 29, 26, 52, 71, 76]
62 (20) [36, 69, 16, 42, 7, 24, 21, 61, 43, 77, 22, 8, 41, 55, 27, 50, 76, 62, 3, 70]
63 (20) [25, 16, 11, 8, 5, 37, 59, 72, 76, 53, 61, 48, 35, 4, 46, 20, 26, 1, 50, 71]
64 (20) [73, 42, 29, 77, 36, 15, 10, 30, 8, 21, 31, 66, 55, 80, 71, 19, 20, 12, 46, 1]
65 (20) [38, 36, 57, 12, 63, 47, 42, 53, 27, 8, 67, 11, 62, 78, 74, 65, 24, 39, 51, 6]
66 (20) [7, 74, 29, 18, 42, 70, 48, 73, 21, 3, 63, 26, 15, 58, 53, 12, 11, 37, 46, 33]
67 (20) [60, 69, 73, 51, 76, 37, 39, 53, 57, 74, 40, 29, 61, 34, 24, 43, 31, 79, 46, 75]
68 (20) [34, 44, 13, 48, 7, 2, 3, 12, 49, 38, 11, 15, 52, 80, 29, 32, 18, 78, 51, 70]
69 (20) [49, 2, 12, 53, 43, 27, 17, 11, 35, 44, 6, 70, 29, 41, 77, 66, 78, 39, 5, 10]
70 (20) [36, 65, 46, 47, 38, 62, 44, 55, 29, 58, 25, 51, 64, 28, 26, 50, 14, 42, 4, 40]
71 (20) [76, 1, 57, 58, 52, 73, 29, 64, 55, 49, 63, 36, 16, 14, 42, 61, 19, 9, 17, 27]
72 (20) [74, 62, 55, 52, 1, 57, 18, 4, 23, 68, 43, 71, 79, 65, 59, 44, 54, 5, 11, 56]
73 (20) [80, 22, 63, 13, 12, 8, 19, 62, 47, 33, 71, 25, 55, 78, 67, 36, 24, 54, 48, 50]
74 (20) [79, 3, 52, 72, 35, 37, 56, 23, 34, 44, 75, 40, 10, 80, 41, 39, 32, 27, 8, 24]
75 (20) [39, 5, 6, 27, 17, 21, 2, 28, 8, 80, 41, 65, 54, 76, 44, 48, 34, 47, 24, 79]
76 (20) [59, 48, 36, 5, 43, 9, 25, 75, 19, 7, 11, 8, 2, 14, 37, 47, 40, 20, 58, 68]
77 (20) [69, 26, 45, 29, 55, 31, 70, 79, 52, 8, 61, 68, 60, 33, 16, 9, 38, 46, 6, 74]
78 (20) [72, 57, 13, 79, 15, 56, 6, 37, 27, 74, 33, 10, 80, 20, 32, 65, 54, 36, 5, 14]
79 (20) [9, 37, 52, 35, 73, 4, 66, 51, 56, 55, 41, 60, 43, 63, 23, 21, 38, 1, 33, 11]
80 (20) [8, 68, 19, 49, 39, 58, 56, 54, 30, 72, 4, 62, 20, 16, 6, 1, 34, 25, 5, 55]
81 (20) [30, 52, 65, 40, 18, 58, 26, 15, 45, 72, 31, 55, 24, 70, 50, 59, 47, 33, 20, 10]
82 (20) [15, 9, 77, 64, 49, 27, 60, 46, 32, 72, 44, 42, 48, 56, 6, 26, 1, 19, 5, 68]
83 (20) [14, 7, 63, 20, 44, 53, 56, 66, 42, 19, 68, 45, 6, 79, 32, 73, 50, 47, 16, 34]
84 (20) [28, 7, 24, 27, 2, 77, 22, 69, 23, 3, 40, 35, 44, 43, 1, 56, 66, 17, 10, 11]
85 (20) [27, 1, 44, 59, 73, 19, 79, 57, 33, 18, 28, 3, 12, 71, 68, 37, 76, 2, 50, 54]
86 (20) [1, 25, 52, 72, 15, 31, 50, 6, 3, 43, 57, 73, 61, 18, 34, 4, 71, 67, 63, 59]
87 (20) [54, 49, 76, 14, 73, 18, 4, 16, 27, 40, 55, 23, 31, 17, 15, 48, 37, 68, 71, 44]
88 (20) [63, 61, 19, 5, 47, 16, 65, 76, 30, 40, 68, 62, 67, 15, 34, 58, 4, 49, 44, 36]
89 (20) [70, 45, 44, 6, 75, 74, 63, 1, 23, 58, 9, 53, 50, 42, 66, 54, 68, 67, 12, 18]
90 (20) [3, 24, 46, 76, 23, 51, 67, 6, 43, 56, 66, 12, 44, 63, 18, 77, 45, 28, 4, 54]
91 (20) [2, 35, 30, 59, 56, 28, 42, 10, 21, 77, 19, 24, 13, 4, 63, 40, 11, 62, 18, 54]
92 (20) [30, 68, 57, 41, 3, 50, 69, 45, 53, 23, 40, 78, 55, 18, 9, 29, 39, 5, 36, 32]